leader_protein,266,805,0
nsp2,806,2719,540
nsp3,2720,8554,2454
nsp4,8555,10054,8289
3C-like_proteinase,10055,10972,9789
nsp6,10973,11842,10707
nsp7,11843,12091,11577
nsp8,12092,12685,11826
nsp9,12686,13024,12420
nsp10,13025,13441,12759
RNA-dependent_RNA_polymerase_rib_26,13468,16236,13176
RNA-dependent_RNA_polymerase_rib_26,13468,16236,-26
helicase,16237,18039,2769
3'-to-5'_exonuclease,18040,19620,4572
endoRNAse,19621,20658,6153
2'-O-ribose_methyltransferase,20659,21552,7191
nsp11,13442,13480,13176
